110001001
000000111
110001000
000001111
110000000
010010111
010011111
010100111
010101111
110000001
010100111
110000000
010110111
101001101
111001111
100001101
111010110
101000100
111001111
100000100
111010110
011100000
011101001
111010001
111011010
111100000
111101010
110000001
010110111
110010000
100110111
111000110
011110110
101001101
111011111
100001101
111011110
101000100
111011111
100000100
111011110
111110001
110000000
010000001
100000111
111100110
011110110
010010110
110000000
100010111
111101110
100011111
111101110
110000001
010010111
110001011
001010111
110001010
001011111
110000001
000000111
110000000
000001111
110000010
000010111
110000000
010011111
010100111
010101111
110000000
010110111
110111100
001110111
011110110
111000000
111001010
111101010
111110010
110000001
100110111
111001111
101010101
111001111
100010101
111011001
111100010
111010110
011101010
110111100
000110111
110000001
010110111
110010000
100110111
110111100
001110111
111000110
110000101
001011111
110000100
001100111
011110110
011011011
011100100
011001001
111101000
111100010
101001100
111100111
100001100
111101110
101010101
111100111
100010101
111101110
011101010
011100001
111011001
110000001
010110111
110001000
100110111
111011110
011110110
111101000
111100010
101001100
111110111
100001100
111110110
101010101
111110111
100010101
111110110
111110001
110000000
100010111
111111110
011110110
010011110
110000110
001011111
