110000000
010000111
110000001
010001111
110000000
010010111
110010110
001000111
110010111
001001111
110011000
001010111
011000000
011001001
011010010
110000000
010000111
010001111
010010111
110011001
001000111
110011010
001001111
110011011
001010111
011000000
011001001
011010010
110000000
010011111
010100111
010101111
110011100
001011111
110011101
001100111
110011110
001101111
011011011
011100100
011101101
110010000
000000111
110010001
000001111
110000000
011010010
010010111
110010011
001000111
110010100
001001111
110010101
001010111
011000000
011001001
011010010
110010011
000000111
110010100
000001111
110010101
000010111
110011100
000011111
110011101
000100111
110011110
000101111
111010000
111001010
111000010
111100010
111011010
110010011
001000111
110010100
001001111
110010101
001010111
011000000
011001001
011010010
110010110
000000111
110010111
000001111
110011000
000010111
101000011
111010111
100011001
111011110
101001100
111010111
100001100
111011110
101010101
111010111
100010101
111011110
011101010
011100001
011011000
110011100
001011111
110011101
001100111
110011110
001101111
110010110
001000111
110010111
001001111
110011000
001010111
011000000
011001001
011010010
110011001
000000111
110011010
000001111
110011011
000010111
111010001
111001010
111000010
110011001
001000111
110011010
001001111
110011011
001010111
110011111
000110111
110000001
010110111
110011111
001110111
110010000
100110111
111001110
011110110
110011111
001110111
110011111
000110111
110010110
000000111
110010111
000001111
110011000
000010111
110011100
000011111
110011101
000100111
110011110
000101111
111101000
111100010
111011010
101000011
111101111
100011001
111110110
101001100
111101111
100001100
111110110
110011001
000000111
110011010
000001111
110011011
000010111
101010101
111101111
100010101
111110110
011101010
011100001
011011000
110011100
001011111
110011101
001100111
110011110
001101111
111010001
111001010
111000010
110011001
001000111
110011010
001001111
110011011
001010111
110011111
000110111
110000001
010110111
110011111
001110111
110001000
100110111
111100110
110010110
000000111
110010111
000001111
110011000
000010111
110011001
000011111
110011010
000100111
110011011
000101111
010101010
010100001
010011000
111011011
111100101
111101101
110010110
001000111
110010111
001001111
110011000
001010111
100011000
111000110
100100001
111000110
100101010
111000110
011011011
110011001
000000111
110011010
000001111
110011011
000010111
111010000
110011011
000010111
111011010
110000000
100011111
111111111
110000001
010010111
110010010
001010111
