110000001
000000111
110000000
000001111
110000010
000010111
110000000
010011111
010100111
010101111
110000000
010110111
111000000
111001010
111101010
101010101
111001111
100010101
111011001
111100010
111010110
011101010
110000001
010110111
110010000
100110111
111000110
110000101
001011111
110000100
001100111
110000000
011110110
110000000
011011011
111101000
101010101
111100111
100010101
111011001
111101110
011101010
110000001
010110111
110001000
100110111
111011110
110000000
100010111
111111111
111101000
101010101
111110111
100010101
110000000
111111001
010011111
110000110
001011111
